Расчет параметров вектора Стокса рассеянного излучения
------------------------------------------------------
I1 =    1.4050
    tau1 =    0.0000
    phi1 =    0.0000
I2 =    0.0200
    tau2 =    0.0000
    phi2 =    1.5708
I3 =    0.4750
    tau3 =    0.0000
    phi3 =    0.7854
I4 =    0.4750
    tau4 =    1.5708
    phi4 =    0.7854
------------------------------------------------------
   1.0000   1.0000   0.0000   0.0000 |    2.8100
   1.0000  -1.0000  -0.0000  -0.0000 |    0.0400
   1.0000   0.0000   1.0000   0.0000 |    0.9500
   1.0000   0.0000  -0.0000   1.0000 |    0.9500
------------------------------------------------------
   1.0000   1.0000   0.0000   0.0000 |    2.8100
   0.0000  -2.0000  -0.0000  -0.0000 |   -2.7700
   0.0000  -1.0000   1.0000   0.0000 |   -1.8600
   0.0000  -1.0000  -0.0000   1.0000 |   -1.8600
------------------------------------------------------
   1.0000   1.0000   0.0000   0.0000 |    2.8100
   0.0000  -2.0000  -0.0000  -0.0000 |   -2.7700
   0.0000   0.0000   1.0000   0.0000 |   -0.4750
   0.0000   0.0000  -0.0000   1.0000 |   -0.4750
------------------------------------------------------
   1.0000   1.0000   0.0000   0.0000 |    2.8100
   0.0000  -2.0000  -0.0000  -0.0000 |   -2.7700
   0.0000   0.0000   1.0000   0.0000 |   -0.4750
   0.0000   0.0000   0.0000   1.0000 |   -0.4750
------------------------------------------------------
   1.0000   1.0000   0.0000   0.0000 |    2.8100
   0.0000  -2.0000  -0.0000  -0.0000 |   -2.7700
   0.0000   0.0000   1.0000   0.0000 |   -0.4750
   0.0000   0.0000   0.0000   1.0000 |   -0.4750
------------------------------------------------------
J =    1.4250
Q =    1.3850
U =   -0.4750
V =   -0.4750
------------------------------------------------------
P =    1.0000
------------------------------------------------------
